0.880192995071
0.950799942017
0.850828170776
0.997131109238
0.802452087402
0.785112142563
0.975419998169
0.718894958496
0.981646060944
0.910020112991
0.870970010757
1.03147506714
1.02142620087
0.873987197876
0.987150907516
0.899031877518
0.659297943115
0.737306118011
0.966015100479
0.910290956497
1.06074118614
1.0145740509
1.04331493378
1.18500304222
0.972332954407
1.01622509956
0.766181945801
1.23093295097
1.19227313995
0.897963047028
0.855926036835
0.650306224823
0.736443996429
0.991050958633
0.660651922226
0.729861021042
0.909897089005
0.675549030304
0.683247089386
0.720817089081
0.664298057556
0.692728996277
0.844836950302
0.812198162079
0.675156116486
0.66034913063
0.965060949326
0.687115907669
0.678163051605
0.70003080368
0.669505834579
0.989400148392
0.836016178131
0.987206935883
0.811852931976
